IRIDIUM 106             
1 41917U 17003A   25184.67150730  .00000023  00000+0  11724-5 0  9996
2 41917  86.3966 234.1143 0001888  82.0147 278.1263 14.34217546443251
IRIDIUM 103             
1 41918U 17003B   25184.65882401  .00000020  00000+0  67538-7 0  9995
2 41918  86.3962 234.0204 0002822  84.5710 275.5807 14.34217571443272
IRIDIUM 109             
1 41919U 17003C   25184.66516566  .00000010  00000+0 -33174-5 0  9990
2 41919  86.3967 234.0714 0002392  94.1101 266.0368 14.34217478443247
IRIDIUM 102             
1 41920U 17003D   25184.56368337  .00000053  00000+0  11792-4 0  9999
2 41920  86.3961 234.0447 0002338  96.1891 263.9572 14.34217406443316
IRIDIUM 105             
1 41921U 17003E   25184.74372168  .00000186  00000+0  59466-4 0  9994
2 41921  86.3983 202.4415 0002481  88.5826 271.5654 14.34216738445198
IRIDIUM 104             
1 41922U 17003F   25184.64613787  .00000076  00000+0  20031-4 0  9993
2 41922  86.3963 234.0477 0002769  94.1445 266.0067 14.34218131443313
IRIDIUM 114             
1 41923U 17003G   25184.65248024  .00000008  00000+0 -41581-5 0  9993
2 41923  86.3966 234.0294 0002378  86.8993 273.2474 14.34217543443291
IRIDIUM 108             
1 41924U 17003H   25185.09938036 -.00000042  00000+0 -21928-4 0  9993
2 41924  86.3983 202.1931 0001993  90.3347 269.8077 14.34217171445233
IRIDIUM 112             
1 41925U 17003J   25184.57002361  .00000162  00000+0  50674-4 0  9990
2 41925  86.3959 233.9221 0002355  95.1596 264.9869 14.34219019443307
IRIDIUM 111             
1 41926U 17003K   25185.18525780  .00000016  00000+0 -13781-5 0  9992
2 41926  86.3963 233.7276 0002163  88.9314 271.2129 14.34217137443440
IRIDIUM 113             
1 42803U 17039A   25184.81637999  .00000009  00000+0 -38978-5 0  9998
2 42803  86.3977 107.8115 0002339  85.8784 274.2679 14.34217564421257
IRIDIUM 123             
1 42804U 17039B   25184.85785829  .00000028  00000+0  30612-5 0  9996
2 42804  86.3994 139.2568 0002308  77.2432 282.9022 14.34217801420025
IRIDIUM 120             
1 42805U 17039C   25184.87980503 -.00000024  00000+0 -15756-4 0  9994
2 42805  86.3965 107.6123 0001833  77.8751 282.2650 14.34217274421252
IRIDIUM 115             
1 42806U 17039D   25184.86976811  .00000380  00000+0  10701-3 0  9998
2 42806  86.4502 107.6977 0002422  66.4349 293.7106 14.43279057424028
IRIDIUM 118             
1 42807U 17039E   25184.95933239  .00000140  00000+0  42966-4 0  9999
2 42807  86.3993 139.2140 0002456  87.4626 272.6851 14.34216521420030
IRIDIUM 117             
1 42808U 17039F   25184.83883090  .00000005  00000+0 -52112-5 0  9992
2 42808  86.3995 139.2254 0002336  79.5207 280.6252 14.34217558420049
IRIDIUM 126             
1 42809U 17039G   25184.86420107  .00000163  00000+0  51216-4 0  9999
2 42809  86.3994 139.2600 0002510  83.5443 276.6038 14.34218575420020
IRIDIUM 124             
1 42810U 17039H   25184.73425659  .00000247  00000+0  67390-4 0  9997
2 42810  86.4475  76.0501 0002023  80.9305 279.2124 14.43277182424851
IRIDIUM 128             
1 42811U 17039J   25184.71540150  .00000031  00000+0  40166-5 0  9994
2 42811  86.4001 170.7944 0001894  81.3917 278.7493 14.34217477420039
IRIDIUM 121             
1 42812U 17039K   25184.95299702  .00000036  00000+0  57495-5 0  9993
2 42812  86.3994 139.2483 0002174  86.0839 274.0605 14.34217847419915
IRIDIUM 133             
1 42955U 17061A   25184.95642079  .00000075  00000+0  19580-4 0  9990
2 42955  86.3998 170.8026 0002299  85.7266 274.4192 14.34217930404865
IRIDIUM 100             
1 42956U 17061B   25185.22915082  .00000142  00000+0  43717-4 0  9993
2 42956  86.3996 170.6156 0002330  82.5442 277.6019 14.34218706404925
IRIDIUM 122             
1 42957U 17061C   25184.91836518 -.00000002  00000+0 -78113-5 0  9991
2 42957  86.4001 170.7447 0002237  84.9745 275.1706 14.34217392404865
IRIDIUM 129             
1 42958U 17061D   25184.94373643 -.00000049  00000+0 -24570-4 0  9998
2 42958  86.4002 170.7973 0002484  94.3016 265.8463 14.34216794404884
IRIDIUM 119             
1 42959U 17061E   25184.70271728 -.00000021  00000+0 -14571-4 0  9994
2 42959  86.4003 170.8921 0002463  84.9827 275.1650 14.34217323404861
IRIDIUM 107             
1 42960U 17061F   25184.37290316 -.00000051  00000+0 -25179-4 0  9992
2 42960  86.4003 171.0490 0002305  74.7086 285.4365 14.34216739404829
IRIDIUM 132             
1 42961U 17061G   25184.86762449  .00000031  00000+0  38612-5 0  9991
2 42961  86.3998 170.8244 0002300  84.5021 275.6437 14.34217456404894
IRIDIUM 136             
1 42962U 17061H   25184.96910631  .00000054  00000+0  12184-4 0  9991
2 42962  86.3997 170.7869 0002503  83.9146 276.2335 14.34217868404927
IRIDIUM 139             
1 42963U 17061J   25184.90567997 -.00000011  00000+0 -11004-4 0  9994
2 42963  86.4004 170.8697 0002213  80.4371 279.7074 14.34217386404921
IRIDIUM 125             
1 42964U 17061K   25184.96276468  .00000034  00000+0  48999-5 0  9998
2 42964  86.4001 170.9003 0002855  79.6063 280.5454 14.34217612404947
IRIDIUM 135             
1 43070U 17083A   25185.14619425  .00000012  00000+0 -26015-5 0  9998
2 43070  86.3971 107.5327 0001993  88.2076 271.9348 14.34217508394261
IRIDIUM 138             
1 43071U 17083B   25184.82272321  .00000008  00000+0 -42606-5 0  9992
2 43071  86.3960 107.3365 0002646  87.4577 272.6921 14.34217568394208
IRIDIUM 116             
1 43072U 17083C   25184.86077712  .00000021  00000+0  42872-6 0  9994
2 43072  86.3969 107.6423 0001975  80.6824 279.4595 14.34217652394240
IRIDIUM 130             
1 43073U 17083D   25184.82906416  .00000002  00000+0 -64739-5 0  9998
2 43073  86.3978 107.8969 0001959  73.9727 286.1685 14.34217514394182
IRIDIUM 151             
1 43074U 17083E   25184.87346242 -.00000026  00000+0 -16209-4 0  9994
2 43074  86.3971 107.6869 0001882  82.1461 277.9948 14.34217059394213
IRIDIUM 134             
1 43075U 17083F   25184.84174955 -.00000018  00000+0 -13376-4 0  9995
2 43075  86.3972 107.7034 0002036  75.4019 284.7403 14.34217542394170
IRIDIUM 137             
1 43076U 17083G   25184.85443376 -.00000011  00000+0 -11139-4 0  9991
2 43076  86.3974 107.7838 0001517  93.4786 266.6583 14.34217410394249
IRIDIUM 141             
1 43077U 17083H   25184.84809130  .00000129  00000+0  39153-4 0  9999
2 43077  86.3967 107.6369 0002422  85.2354 274.9118 14.34218772394244
IRIDIUM 153             
1 43078U 17083J   25184.73050395 -.00000079  00000+0 -35132-4 0  9998
2 43078  86.3951  76.1504 0002543  82.8279 277.3206 14.34217121395335
IRIDIUM 131             
1 43079U 17083K   25185.18425046 -.00000021  00000+0 -14415-4 0  9996
2 43079  86.3975 107.6591 0002200  87.7647 272.3801 14.34217340394227
IRIDIUM 144             
1 43249U 18030A   25184.73684467  .00000014  00000+0 -21241-5 0  9999
2 43249  86.3948  76.0847 0002022  82.5283 277.6142 14.34217523380190
IRIDIUM 149             
1 43250U 18030B   25185.16179761  .00000111  00000+0  32471-4 0  9998
2 43250  86.3951  75.8783 0002075  83.1217 277.0214 14.34217632380278
IRIDIUM 157             
1 43251U 18030C   25184.69244733 -.00000043  00000+0 -22284-4 0  9995
2 43251  86.3949  76.1199 0002166  90.3799 269.7645 14.34217458380189
IRIDIUM 140             
1 43252U 18030D   25184.78124321  .00000011  00000+0 -32674-5 0  9995
2 43252  86.3951  76.0964 0002170  79.9865 280.1575 14.34217558380252
IRIDIUM 145             
1 43253U 18030E   25184.69878883 -.00000020  00000+0 -14234-4 0  9997
2 43253  86.3949  76.1035 0001724  76.8208 283.3180 14.34217350380179
IRIDIUM 146             
1 43254U 18030F   25185.16814057  .00000026  00000+0  23293-5 0  9994
2 43254  86.3946  75.9207 0001759  78.1514 281.9879 14.34217608380252
IRIDIUM 148             
1 43255U 18030G   25184.78758919  .00000143  00000+0  43841-4 0  9996
2 43255  86.3954  76.1178 0002021  87.9259 272.2168 14.34214763380230
IRIDIUM 142             
1 43256U 18030H   25185.17448297  .00000008  00000+0 -42536-5 0  9998
2 43256  86.3949  75.8576 0001708  78.2394 281.8993 14.34217543380250
IRIDIUM 150             
1 43257U 18030J   25184.79392811  .00000005  00000+0 -51067-5 0  9992
2 43257  86.3949  76.1217 0001890  78.2140 281.9267 14.34217433380228
IRIDIUM 143             
1 43258U 18030K   25184.70513122 -.00000003  00000+0 -79773-5 0  9997
2 43258  86.3952  76.2379 0001701  75.3113 284.8272 14.34217453380143
IRIDIUM 161             
1 43478U 18047C   25184.64286859  .00000267  00000+0  73431-4 0  9990
2 43478  86.4483 234.0611 0002564  95.4466 264.7027 14.43283016374867
IRIDIUM 152             
1 43479U 18047D   25184.67785087  .00000011  00000+0 -29602-5 0  9991
2 43479  86.3961 233.9070 0002352  92.3238 267.8227 14.34217526372534
IRIDIUM 147             
1 43480U 18047E   25184.68419287 -.00000017  00000+0 -13219-4 0  9993
2 43480  86.3962 233.9033 0002208  97.0843 263.0604 14.34217357372539
IRIDIUM 110             
1 43481U 18047F   25184.55099956  .00000021  00000+0  45059-6 0  9999
2 43481  86.3960 234.0418 0002766  97.6126 262.5384 14.34217668372507
IRIDIUM 162             
1 43482U 18047G   25185.19121341  .00000178  00000+0  46995-4 0  9996
2 43482  86.4480 233.7269 0002715  91.7618 268.3894 14.43283923374937
IRIDIUM 160             
1 43569U 18061A   25184.56660326 -.00000019  00000+0 -14005-4 0  9992
2 43569  86.3987 202.4402 0002401  93.3194 266.8276 14.34217444363407
IRIDIUM 166             
1 43570U 18061B   25184.59197296 -.00000040  00000+0 -21299-4 0  9995
2 43570  86.3984 202.3848 0001969  87.4844 272.6577 14.34217229363436
IRIDIUM 158             
1 43571U 18061C   25185.04863814  .00000054  00000+0  12137-4 0  9997
2 43571  86.3979 202.2041 0002416  86.8639 273.2833 14.34217457363477
IRIDIUM 165             
1 43572U 18061D   25184.02748257  .00000169  00000+0  53342-4 0  9998
2 43572  86.3983 202.6703 0002194  93.2521 266.8926 14.34217332363346
IRIDIUM 155             
1 43573U 18061E   25184.96618608  .00000038  00000+0  63845-5 0  9993
2 43573  86.3978 202.1646 0002350  83.1565 276.9898 14.34217579363446
IRIDIUM 154             
1 43574U 18061F   25184.59831546 -.00000008  00000+0 -99641-5 0  9993
2 43574  86.3986 202.4343 0002182  90.0432 270.1014 14.34217476363448
IRIDIUM 163             
1 43575U 18061G   25184.50951952  .00000007  00000+0 -46373-5 0  9991
2 43575  86.3984 202.3977 0002375  89.9901 270.1566 14.34217652363405
IRIDIUM 156             
1 43576U 18061H   25185.11206600  .00000118  00000+0  34938-4 0  9998
2 43576  86.3978 202.1531 0002194  81.9411 278.2033 14.34217871363478
IRIDIUM 164             
1 43577U 18061J   25184.95350096 -.00000036  00000+0 -20058-4 0  9998
2 43577  86.3986 202.2540 0001959  93.0118 267.1301 14.34217166363501
IRIDIUM 159             
1 43578U 18061K   25184.57294579 -.00000005  00000+0 -87990-5 0  9995
2 43578  86.3983 202.3570 0002244  96.5879 263.5573 14.34217327363413
IRIDIUM 180             
1 43922U 19002A   25184.85151580  .00000017  00000+0 -10360-5 0  9998
2 43922  86.3997 139.2226 0002279  84.9148 275.2307 14.34217667339061
IRIDIUM 176             
1 43923U 19002B   25184.89246354  .00000425  00000+0  63464-4 0  9991
2 43923  86.6118 139.1969 0003003  76.3263 283.8289 14.72250852348005
IRIDIUM 168             
1 43924U 19002C   25184.84517298  .00000045  00000+0  89785-5 0  9998
2 43924  86.3996 139.2926 0002290  85.1759 274.9698 14.34217922339044
IRIDIUM 173             
1 43925U 19002D   25185.11156188  .00000035  00000+0  55625-5 0  9992
2 43925  86.3992 139.0846 0002447  83.0829 277.0645 14.34217978339079
IRIDIUM 169             
1 43926U 19002E   25184.70827453  .00000193  00000+0  56508-4 0  9992
2 43926  86.4252 170.8359 0003209  63.1114 297.0412 14.38610010340125
IRIDIUM 172             
1 43927U 19002F   25184.89591426 -.00000005  00000+0 -87038-5 0  9998
2 43927  86.3995 139.1815 0002379  89.5219 270.6250 14.34217594339041
IRIDIUM 175             
1 43928U 19002G   25184.81946874  .00000373  00000+0  55217-4 0  9991
2 43928  86.1500  90.7968 0001875  64.3187 295.8223 14.72235945347981
IRIDIUM 171             
1 43929U 19002H   25184.94665373  .00000003  00000+0 -60134-5 0  9994
2 43929  86.4005 139.4280 0001837  83.1514 276.9890 14.34217600339048
IRIDIUM 170             
1 43930U 19002J   25184.89863875  .00000678  00000+0  10363-3 0  9991
2 43930  86.6118 139.1990 0002612  79.0193 281.1318 14.72252196348012
IRIDIUM 167             
1 43931U 19002K   25184.94031113  .00000036  00000+0  56891-5 0  9996
2 43931  86.3993 139.1824 0002013  75.5404 284.6015 14.34217889339041
IRIDIUM 181             
1 56726U 23068S   25185.14223646  .00000214  00000+0  57727-4 0  9992
2 56726  86.4516 202.1551 0001834 100.3318 259.8090 14.43308557112238
IRIDIUM 177             
1 56727U 23068T   25184.90389520  .00000976  00000+0  12499-3 0  9991
2 56727  86.1990 134.1971 0002291  84.3686 275.7796 14.80225661114843
IRIDIUM 174             
1 56728U 23068U   25184.88628035  .00000629  00000+0  95798-4 0  9995
2 56728  86.6124 139.3159 0003192  88.1500 272.0083 14.72243986114773
IRIDIUM 178             
1 56729U 23068V   25184.35217829  .00001286  00000+0  16574-3 0  9997
2 56729  86.6574 171.0887 0002751  88.6361 271.5176 14.80240252114762
IRIDIUM 179             
1 56730U 23068W   25185.22563187  .00000429  00000+0  52943-4 0  9996
2 56730  86.6811 178.6451 0002583  87.3468 272.8049 14.80232415114894
