IRIDIUM 106             
1 41917U 17003A   23087.17034321  .00000623  00000+0  21539-3 0  9997
2 41917  86.4006 220.3274 0002039 106.0032 254.1388 14.34220064324505
IRIDIUM 103             
1 41918U 17003B   23087.29718867  .00000663  00000+0  22977-3 0  9996
2 41918  86.4007 220.1780 0001872  95.1159 265.0251 14.34224484324554
IRIDIUM 109             
1 41919U 17003C   23087.30352680  .00000674  00000+0  23369-3 0  9994
2 41919  86.4008 220.2153 0002010  92.2269 267.9157 14.34225855324533
IRIDIUM 102             
1 41920U 17003D   23086.92297915  .00000351  00000+0  11811-3 0  9993
2 41920  86.4005 220.3227 0002228  91.0193 269.1258 14.34221954324542
IRIDIUM 105             
1 41921U 17003E   23086.82396027  .00000687  00000+0  23828-3 0  9990
2 41921  86.4052 188.8378 0002013  98.3638 261.7786 14.34219400326387
IRIDIUM 104             
1 41922U 17003F   23086.86590387  .00000623  00000+0  21521-3 0  9998
2 41922  86.4009 220.3716 0001903  97.8831 262.2580 14.34219117324521
IRIDIUM 114             
1 41923U 17003G   23086.87223881  .00000657  00000+0  22739-3 0  9991
2 41923  86.4009 220.3559 0002279  97.0724 263.0731 14.34222617324501
IRIDIUM 108             
1 41924U 17003H   23087.24937920  .00000687  00000+0  23832-3 0  9998
2 41924  86.4045 188.6143 0002210 105.3333 254.8107 14.34223718326433
IRIDIUM 112             
1 41925U 17003J   23086.92932840  .00000714  00000+0  24791-3 0  9995
2 41925  86.4003 220.2291 0002273  91.4095 268.7361 14.34218421324534
IRIDIUM 111             
1 41926U 17003K   23086.91664005  .00000144  00000+0  44400-4 0  9997
2 41926  86.4008 220.2791 0001722  93.6853 266.4540 14.34219966324516
IRIDIUM 113             
1 42803U 17039A   23086.75707463  .00000057  00000+0  13467-4 0  9991
2 42803  86.3917  94.2136 0002105  90.2982 269.8455 14.34218368302426
IRIDIUM 123             
1 42804U 17039B   23086.86831617  .00000491  00000+0  16839-3 0  9990
2 42804  86.3945 125.7063 0002139  87.3163 272.8278 14.34221187301207
IRIDIUM 120             
1 42805U 17039C   23087.09958838  .00000265  00000+0  87631-4 0  9990
2 42805  86.3905  94.0053 0002089  90.4681 269.6754 14.34219538302464
IRIDIUM 115             
1 42806U 17039D   23087.43562481  .00000333  00000+0  93065-4 0  9998
2 42806  86.4443  93.8220 0001752  73.8358 286.3035 14.43278173304536
IRIDIUM 118             
1 42807U 17039E   23086.83026396  .00000515  00000+0  17668-3 0  9998
2 42807  86.3945 125.7254 0002337  92.2429 267.9034 14.34217622301194
IRIDIUM 117             
1 42808U 17039F   23086.84928977  .00000393  00000+0  13335-3 0  9997
2 42808  86.3944 125.6857 0002188  97.0005 263.1440 14.34219763301220
IRIDIUM 126             
1 42809U 17039G   23086.66535230  .00000152  00000+0  47096-4 0  9999
2 42809  86.3946 125.7950 0002108  91.4639 268.6798 14.34219735301170
IRIDIUM 124             
1 42810U 17039H   23086.88405551  .00000898  00000+0  26088-3 0  9991
2 42810  86.4472  62.4001 0002458  96.4854 263.6627 14.43290359305309
IRIDIUM 128             
1 42811U 17039J   23086.65609126 -.00000001  00000+0 -74020-5 0  9990
2 42811  86.4015 157.3023 0001867  97.4851 262.6557 14.34218825301206
IRIDIUM 121             
1 42812U 17039K   23087.24253134  .00000458  00000+0  15642-3 0  9998
2 42812  86.3946 125.5741 0002197  89.5970 270.5478 14.34219119301256
IRIDIUM 133             
1 42955U 17061A   23087.24595188  .00000491  00000+0  16822-3 0  9997
2 42955  86.4016 157.1459 0002009  92.1272 268.0153 14.34220884286083
IRIDIUM 100             
1 42956U 17061B   23087.16984550  .00000490  00000+0  16776-3 0  9991
2 42956  86.4012 157.1243 0002153  96.4662 263.6779 14.34218253286094
IRIDIUM 122             
1 42957U 17061C   23086.71951390  .00000292  00000+0  97326-4 0  9999
2 42957  86.4013 157.3093 0001967  96.4235 263.7185 14.34221639286015
IRIDIUM 129             
1 42958U 17061D   23086.74489039  .00000274  00000+0  90659-4 0  9991
2 42958  86.4013 157.3535 0002124  92.9371 267.2068 14.34221806286032
IRIDIUM 119             
1 42959U 17061E   23086.71317270  .00000511  00000+0  17550-3 0  9998
2 42959  86.4015 157.3562 0002011  92.6651 267.4775 14.34222673286049
IRIDIUM 107             
1 42960U 17061F   23087.22057338  .00000512  00000+0  17586-3 0  9993
2 42960  86.4016 157.1586 0002136  95.2531 264.8909 14.34223973286134
IRIDIUM 132             
1 42961U 17061G   23086.80832439  .00000054  00000+0  12075-4 0  9990
2 42961  86.4015 157.3175 0002105 104.5213 255.6217 14.34220081286066
IRIDIUM 136             
1 42962U 17061H   23087.25864694  .00000474  00000+0  16223-3 0  9993
2 42962  86.4014 157.1314 0002120  89.4450 270.6989 14.34218149286144
IRIDIUM 139             
1 42963U 17061J   23087.54403836  .00000505  00000+0  17332-3 0  9990
2 42963  86.4016 157.0556 0002010  97.1344 263.0080 14.34225429286192
IRIDIUM 125             
1 42964U 17061K   23087.25229611  .00000522  00000+0  17948-3 0  9998
2 42964  86.4017 157.2168 0001949  94.5108 265.6310 14.34223208286168
IRIDIUM 135             
1 43070U 17083A   23087.43572560  .00000262  00000+0  86490-4 0  9995
2 43070  86.3910  93.8431 0002467  93.2431 266.9047 14.34220298275487
IRIDIUM 138             
1 43071U 17083B   23086.76343511  .00000261  00000+0  85985-4 0  9990
2 43071  86.3899  93.8975 0002103  87.4214 272.7223 14.34219738275374
IRIDIUM 116             
1 43072U 17083C   23087.28986820  .00000262  00000+0  86376-4 0  9991
2 43072  86.3910  93.9041 0002421  87.2360 272.9113 14.34220417275485
IRIDIUM 130             
1 43073U 17083D   23087.25813102  .00000258  00000+0  84897-4 0  9992
2 43073  86.3918  94.0782 0002182  85.3770 274.7675 14.34220588275422
IRIDIUM 151             
1 43074U 17083E   23087.09324440  .00000262  00000+0  86407-4 0  9991
2 43074  86.3911  94.0174 0002401  85.0387 275.1082 14.34219151275427
IRIDIUM 134             
1 43075U 17083F   23086.92198275  .00000261  00000+0  86107-4 0  9994
2 43075  86.3913  94.0808 0002190  95.0257 265.1188 14.34222315275361
IRIDIUM 137             
1 43076U 17083G   23086.93466184  .00000259  00000+0  85454-4 0  9994
2 43076  86.3913  94.1456 0002450  87.5432 272.6045 14.34219772275438
IRIDIUM 141             
1 43077U 17083H   23086.92832186  .00000270  00000+0  89256-4 0  9990
2 43077  86.3908  94.0446 0002184  86.1237 274.0208 14.34217889275437
IRIDIUM 153             
1 43078U 17083J   23087.43863894  .00000531  00000+0  18262-3 0  9996
2 43078  86.3950  62.2448 0002008  83.7711 276.3713 14.34220891276613
IRIDIUM 131             
1 43079U 17083K   23086.77609928  .00000279  00000+0  92537-4 0  9996
2 43079  86.3915  94.2160 0002140  87.8061 272.3380 14.34217717275349
IRIDIUM 144             
1 43249U 18030A   23086.88683645  .00000611  00000+0  21119-3 0  9995
2 43249  86.3946  62.4362 0002228  93.1541 266.9909 14.34219909261394
IRIDIUM 149             
1 43250U 18030B   23086.89318485  .00000204  00000+0  65914-4 0  9995
2 43250  86.3945  62.4132 0002292  95.0769 265.0688 14.34214406261418
IRIDIUM 157             
1 43251U 18030C   23087.19127445  .00000630  00000+0  21803-3 0  9995
2 43251  86.3949  62.3158 0002313  81.1908 278.9550 14.34224119261430
IRIDIUM 140             
1 43252U 18030D   23086.93123595  .00000668  00000+0  23144-3 0  9990
2 43252  86.3948  62.4394 0002168  96.0424 264.1018 14.34222607261457
IRIDIUM 145             
1 43253U 18030E   23086.91855297  .00000433  00000+0  14753-3 0  9996
2 43253  86.3947  62.4199 0002547  95.2311 264.9175 14.34214329261383
IRIDIUM 146             
1 43254U 18030F   23087.45766900  .00000379  00000+0  12822-3 0  9993
2 43254  86.3948  62.2102 0002424  91.4772 268.6701 14.34220669261470
IRIDIUM 148             
1 43255U 18030G   23086.93758071  .00000658  00000+0  22787-3 0  9997
2 43255  86.3948  62.4537 0002466  85.4383 274.7095 14.34222080261431
IRIDIUM 142             
1 43256U 18030H   23086.90586565  .00000658  00000+0  22773-3 0  9997
2 43256  86.3945  62.3987 0002300  87.7569 272.3890 14.34222462261391
IRIDIUM 150             
1 43257U 18030J   23086.94392044  .00000121  00000+0  36026-4 0  9991
2 43257  86.3948  62.4611 0002160  92.9038 267.2405 14.34216952261429
IRIDIUM 143             
1 43258U 18030K   23086.92489774  .00000157  00000+0  48907-4 0  9997
2 43258  86.3949  62.5141 0002318  92.7471 267.3990 14.34216276261355
IRIDIUM 161             
1 43478U 18047C   23087.41667532  .00000912  00000+0  26519-3 0  9997
2 43478  86.4528 220.2033 0002036 100.9252 259.2178 14.43286463255404
IRIDIUM 152             
1 43479U 18047D   23087.45574892  .00000665  00000+0  23031-3 0  9999
2 43479  86.4002 220.0496 0002383  94.8538 265.2930 14.34225648253832
IRIDIUM 147             
1 43480U 18047E   23086.90395830  .00000674  00000+0  23376-3 0  9995
2 43480  86.4004 220.2648 0002090  89.2996 270.8439 14.34215383253749
IRIDIUM 110             
1 43481U 18047F   23086.84052993  .00000572  00000+0  19717-3 0  9990
2 43481  86.4005 220.3519 0001869 100.4370 259.7037 14.34219863253729
IRIDIUM 162             
1 43482U 18047G   23086.85573824  .00000902  00000+0  26212-3 0  9998
2 43482  86.4528 220.3436 0002109  95.6880 264.4562 14.43283164255315
IRIDIUM 160             
1 43569U 18061A   23086.85612969  .00000615  00000+0  21247-3 0  9998
2 43569  86.4047 188.7752 0002367  92.2053 267.9414 14.34223763244621
IRIDIUM 166             
1 43570U 18061B   23087.36987511  .00000593  00000+0  20471-3 0  9998
2 43570  86.4045 188.5274 0002133 104.1944 255.9489 14.34224813244728
IRIDIUM 158             
1 43571U 18061C   23086.78002865  .00000032  00000+0  45172-5 0  9999
2 43571  86.4047 188.7826 0002445  98.1849 261.9624 14.34216450244601
IRIDIUM 165             
1 43572U 18061D   23086.80539118  .00000292  00000+0  97360-4 0  9992
2 43572  86.4047 188.7956 0002493 100.2434 259.9043 14.34221629244633
IRIDIUM 155             
1 43573U 18061E   23087.25572173  .00000626  00000+0  21629-3 0  9996
2 43573  86.4044 188.5349 0001887  99.3924 260.7486 14.34222450244671
IRIDIUM 154             
1 43574U 18061F   23087.37622727  .00000447  00000+0  15259-3 0  9994
2 43574  86.4046 188.5611 0002264  90.0472 270.0983 14.34220927244732
IRIDIUM 163             
1 43575U 18061G   23086.79905544  .00000241  00000+0  78915-4 0  9992
2 43575  86.4046 188.7534 0002298  98.8415 261.3041 14.34219525244627
IRIDIUM 156             
1 43576U 18061H   23087.33182274  .00000644  00000+0  22297-3 0  9999
2 43576  86.4046 188.5371 0002197 104.7292 255.4148 14.34226752244681
IRIDIUM 164             
1 43577U 18061J   23086.82442716  .00000587  00000+0  20266-3 0  9993
2 43577  86.4047 188.7711 0002344  96.1317 264.0146 14.34216079244662
IRIDIUM 159             
1 43578U 18061K   23087.21132433  .00000655  00000+0  22676-3 0  9993
2 43578  86.4044 188.5713 0002155  93.6885 266.4557 14.34221241244683
IRIDIUM 180             
1 43922U 19002A   23086.86197706  .00000070  00000+0  17984-4 0  9994
2 43922  86.3946 125.6788 0002427  92.2745 267.8728 14.34217455220245
IRIDIUM 176             
1 43923U 19002B   23086.89033474  .00001775  00000+0  27748-3 0  9990
2 43923  86.6078 125.7088 0002360  99.3424 260.8060 14.72257699226038
IRIDIUM 168             
1 43924U 19002C   23086.85562872  .00000492  00000+0  16866-3 0  9990
2 43924  86.3949 125.7257 0002316  90.0100 270.1361 14.34221743220223
IRIDIUM 173             
1 43925U 19002D   23086.63363863  .00000479  00000+0  16406-3 0  9991
2 43925  86.3945 125.7556 0002438  90.4084 269.7391 14.34223383220175
IRIDIUM 169             
1 43926U 19002E   23086.81217738  .00000645  00000+0  20441-3 0  9990
2 43926  86.4271 157.2634 0001689 242.8010 117.3016 14.38608098220957
IRIDIUM 172             
1 43927U 19002F   23086.83660668  .00000055  00000+0  12663-4 0  9990
2 43927  86.3947 125.6751 0002348  91.9758 268.1707 14.34216593220213
IRIDIUM 175             
1 43928U 19002G   23086.81591547  .00001587  00000+0  24770-3 0  9990
2 43928  86.1487 124.1527 0002457  98.9684 261.1811 14.72251152226017
IRIDIUM 171             
1 43929U 19002H   23086.81757255  .00000481  00000+0  16463-3 0  9993
2 43929  86.3954 125.8586 0002407  90.2317 269.9154 14.34223369220203
IRIDIUM 170             
1 43930U 19002J   23086.82855063  .00001742  00000+0  27232-3 0  9999
2 43930  86.6079 125.7397 0002429  96.2842 263.8652 14.72262702226037
IRIDIUM 167             
1 43931U 19002K   23087.09030828  .00000478  00000+0  16374-3 0  9994
2 43931  86.3945 125.5809 0002498  89.8839 270.2643 14.34219751220246
