COSMOS 2433 (720)       
1 32275U 07052A   24319.38165838 -.00000036  00000+0  00000+0 0  9992
2 32275  65.8749 335.3777 0005845 249.0468 110.9397  2.13103949132749
COSMOS 2432 (719)       
1 32276U 07052B   24319.42017161 -.00000036  00000+0  00000+0 0  9993
2 32276  65.8901 335.4931 0011075 309.6818  25.5920  2.13103044132735
COSMOS 2434 (721)       
1 32393U 07065A   24318.35537329  .00000037  00000+0  00000+0 0  9991
2 32393  64.3159 211.5254 0003439  68.9996 115.7049  2.13101221131393
COSMOS 2436 (723)       
1 32395U 07065C   24318.12088777  .00000035  00000+0  00000+0 0  9994
2 32395  64.3244 211.5993 0017145   4.6550 134.9308  2.13099950131343
COSMOS 2456 (730)       
1 36111U 09070A   24318.45993066  .00000019  00000+0  00000+0 0  9996
2 36111  64.6861  90.8366 0001732 306.9042 112.5110  2.13103551116059
COSMOS 2457 (733)       
1 36112U 09070B   24318.44664525  .00000019  00000+0  00000+0 0  9991
2 36112  64.6708  90.6924 0005983 150.8449  31.1378  2.13100998116095
COSMOS 2460 (732)       
1 36402U 10007C   24318.42529184 -.00000029  00000+0  00000+0 0  9996
2 36402  65.7287 334.0491 0002965 259.8837 259.5460  2.13106113114353
COSMOS 2476 (744)       
1 37867U 11064A   24318.96577088  .00000017  00000+0  00000+0 0  9997
2 37867  64.9565  92.5096 0022698 231.2266 127.8783  2.13101446101446
COSMOS 2477 (745)       
1 37868U 11064B   24318.38069838  .00000025  00000+0  00000+0 0  9992
2 37868  64.9633  92.6034 0019828 231.4327 217.6949  2.13102872101386
COSMOS 2475 (743)       
1 37869U 11064C   24318.47276514  .00000024  00000+0  00000+0 0  9993
2 37869  64.9704  92.6166 0024243 247.7974 229.7027  2.13101550101391
COSMOS 2485 (747)       
1 39155U 13019A   24317.97021312  .00000032  00000+0  00000+0 0  9992
2 39155  65.1123  93.1588 0023103 227.3263 132.4650  2.13101590 89898
COSMOS 2492 (754)       
1 39620U 14012A   24318.39464643 -.00000029  00000+0  00000+0 0  9995
2 39620  65.6095 333.6056 0014095 309.3214  50.6036  2.13103067 82867
COSMOS 2500 (755)       
1 40001U 14032A   24318.57204959 -.00000030  00000+0  00000+0 0  9996
2 40001  65.5463 333.3928 0008759 218.8835 141.1023  2.13105844 81088
COSMOS 2501 (702K)      
1 40315U 14075A   24319.29623959  .00000047  00000+0  00000+0 0  9993
2 40315  63.6163 210.4628 0019476 206.3033 153.6718  2.13101306 77492
COSMOS 2514 (751)       
1 41330U 16008A   24318.34060005 -.00000029  00000+0  00000+0 0  9992
2 41330  65.3399 332.8723 0012845 220.3382 139.6151  2.13102454 68244
COSMOS 2522 (752)       
1 42939U 17055A   24318.18038853  .00000035  00000+0  00000+0 0  9995
2 42939  64.0780 211.6778 0006973 234.6262 125.3755  2.13101870 55591
COSMOS 2527 (756)       
1 43508U 18053A   24319.07829265  .00000018  00000+0  00000+0 0  9992
2 43508  65.2723  93.3044 0008188 217.1942 142.7289  2.13102195 49911
COSMOS 2529 (757)       
1 43687U 18086A   24318.23849571  .00000035  00000+0  00000+0 0  9994
2 43687  64.2937 212.2287 0008255 260.8334  99.1394  2.13101903 46905
COSMOS 2534 (758)       
1 44299U 19030A   24318.29109628  .00000036  00000+0  00000+0 0  9993
2 44299  64.3668 212.1943 0010407 285.6582 248.9012  2.13101821 42543
COSMOS 2544 (759)       
1 44850U 19088A   24319.02246984  .00000018  00000+0  00000+0 0  9998
2 44850  65.2589  93.1404 0012404 247.1740 112.6751  2.13101967 38335
COSMOS 2545 (760)       
1 45358U 20018A   24318.28078577 -.00000030  00000+0  00000+0 0  9990
2 45358  64.6792 332.7635 0012280 247.6112 112.3067  2.13102415 36284
COSMOS 2547 (705K)      
1 46805U 20075A   24317.99807265  .00000034  00000+0  00000+0 0  9995
2 46805  64.5963 211.8899 0006629 236.5142 123.4881  2.13102684 31527
COSMOS 2557 (706K)      
1 52984U 22075A   24318.16399930 -.00000031  00000+0  00000+0 0  9995
2 52984  64.6097 334.8839 0014023 276.0446  83.8468  2.13101949 18331
COSMOS 2559 (707K)      
1 54031U 22130A   24318.57663803 -.00000034  00000+0  00000+0 0  9993
2 54031  64.5816 334.9818 0008359 231.4592 128.5160  2.13101261 16313
COSMOS 2564 (761)       
1 54377U 22161A   24318.29761455  .00000036  00000+0  00000+0 0  9992
2 54377  64.7376 212.0115 0008720 213.6773 146.3340  2.13102016 15259
COSMOS 2569 (703K)      
1 57517U 23114A   24318.78296606  .00000019  00000+0  00000+0 0  9996
2 57517  64.9877  92.2439 0009130 290.1432  69.7396  2.13103971  9894
