IRIDIUM 106             
1 41917U 17003A   22068.93187935  .00000192  00000+0  61570-4 0  9990
2 41917  86.4012  20.5110 0002217  77.4413 282.7031 14.34220823269573
IRIDIUM 103             
1 41918U 17003B   22068.91918492  .00000258  00000+0  84930-4 0  9997
2 41918  86.4010  20.4214 0002555  89.8015 270.3474 14.34214808269598
IRIDIUM 109             
1 41919U 17003C   22069.13482660  .00000189  00000+0  60260-4 0  9999
2 41919  86.4014  20.3649 0002314  85.9171 274.2289 14.34213927269618
IRIDIUM 102             
1 41920U 17003D   22068.89381871  .00000186  00000+0  59341-4 0  9990
2 41920  86.4012  20.4223 0002070  91.7344 268.4089 14.34220442269649
IRIDIUM 105             
1 41921U 17003E   22068.86458610  .00000196  00000+0  63022-4 0  9996
2 41921  86.4026 348.8676 0002451  74.7792 285.3675 14.34215260271492
IRIDIUM 104             
1 41922U 17003F   22068.90651271  .00000189  00000+0  60547-4 0  9991
2 41922  86.4014  20.4362 0002328  79.6408 280.5050 14.34218514269638
IRIDIUM 114             
1 41923U 17003G   22068.91284177  .00000188  00000+0  59955-4 0  9990
2 41923  86.4013  20.4215 0001895  81.5713 278.5697 14.34220702269618
IRIDIUM 108             
1 41924U 17003H   22068.87136471  .00000198  00000+0  63726-4 0  9991
2 41924  86.4020 348.8441 0002099  75.2150 284.9278 14.34221030271464
IRIDIUM 112             
1 41925U 17003J   22069.10946375  .00000183  00000+0  58136-4 0  9994
2 41925  86.4010  20.2547 0001851  89.3177 270.8231 14.34220571269696
IRIDIUM 111             
1 41926U 17003K   22068.88748722  .00000184  00000+0  58597-4 0  9997
2 41926  86.4011  20.3841 0002426  87.8114 272.3360 14.34218476269612
IRIDIUM 113             
1 42803U 17039A   22068.93720609  .00000057  00000+0  13363-4 0  9992
2 42803  86.3936 254.0721 0002338  89.8728 270.2735 14.34218325247555
IRIDIUM 123             
1 42804U 17039B   22068.83915081  .00000159  00000+0  49704-4 0  9993
2 42804  86.3929 285.6803 0002180  93.2333 266.9113 14.34219116246308
IRIDIUM 120             
1 42805U 17039C   22068.93086929  .00000058  00000+0  13817-4 0  9999
2 42805  86.3926 254.0595 0002380  89.1821 270.9648 14.34217178247543
IRIDIUM 115             
1 42806U 17039D   22068.89727261  .00000076  00000+0  16677-4 0  9993
2 42806  86.4465 253.9684 0003674 116.1069 244.0510 14.43281117249212
IRIDIUM 118             
1 42807U 17039E   22069.14992158  .00000144  00000+0  44378-4 0  9997
2 42807  86.3927 285.5551 0001948  96.3009 263.8409 14.34221584246354
IRIDIUM 117             
1 42808U 17039F   22068.88987778  .00000152  00000+0  47183-4 0  9996
2 42808  86.3927 285.6353 0002326  81.7727 278.3733 14.34221990246332
IRIDIUM 126             
1 42809U 17039G   22069.12456115  .00000146  00000+0  45106-4 0  9997
2 42809  86.3928 285.5637 0002174  89.0797 271.0647 14.34218728246358
IRIDIUM 124             
1 42810U 17039H   22068.90043709  .00000259  00000+0  71026-4 0  9990
2 42810  86.4512 222.3870 0001956  83.1656 276.9767 14.43269939250064
IRIDIUM 128             
1 42811U 17039J   22068.76644885  .00000185  00000+0  58821-4 0  9993
2 42811  86.3976 317.2709 0002554  88.9184 271.2304 14.34222485246321
IRIDIUM 121             
1 42812U 17039K   22068.86452696  .00000161  00000+0  50543-4 0  9999
2 42812  86.3928 285.6911 0002232  92.1530 267.9921 14.34219269246184
IRIDIUM 133             
1 42955U 17061A   22069.14703313  .00000149  00000+0  46062-4 0  9996
2 42955  86.3978 317.1921 0002358  88.4304 271.7162 14.34218119231171
IRIDIUM 100             
1 42956U 17061B   22068.93136643  .00000150  00000+0  46652-4 0  9996
2 42956  86.3977 317.2380 0002108  84.1471 275.9965 14.34221164231140
IRIDIUM 122             
1 42957U 17061C   22068.76012756  .00000170  00000+0  53494-4 0  9990
2 42957  86.3976 317.3062 0002482  88.5279 271.6201 14.34220994231121
IRIDIUM 129             
1 42958U 17061D   22069.13431643  .00000159  00000+0  49723-4 0  9990
2 42958  86.3977 317.2001 0002386  89.8028 270.3442 14.34222164231195
IRIDIUM 119             
1 42959U 17061E   22068.75376799  .00000170  00000+0  53459-4 0  9992
2 42959  86.3977 317.3470 0002305  90.5276 269.6184 14.34222018231150
IRIDIUM 107             
1 42960U 17061F   22068.77279632  .00000172  00000+0  54463-4 0  9992
2 42960  86.3979 317.3506 0002175  84.8227 275.3217 14.34221565231169
IRIDIUM 132             
1 42961U 17061G   22068.91868757  .00000160  00000+0  50033-4 0  9997
2 42961  86.3978 317.2785 0002269  80.5000 279.6452 14.34219140231189
IRIDIUM 136             
1 42962U 17061H   22068.74107900  .00000151  00000+0  46685-4 0  9993
2 42962  86.3979 317.3536 0002238  92.2326 267.9126 14.34221785231178
IRIDIUM 139             
1 42963U 17061J   22068.95675662  .00000157  00000+0  49104-4 0  9997
2 42963  86.3979 317.3007 0002306  85.2670 274.8790 14.34218788231210
IRIDIUM 125             
1 42964U 17061K   22068.94408346  .00000152  00000+0  47065-4 0  9999
2 42964  86.3981 317.3386 0002271  83.6559 276.4895 14.34218711231224
IRIDIUM 135             
1 43070U 17083A   22069.05770796  .00000065  00000+0  16260-4 0  9992
2 43070  86.3931 253.9611 0001738  84.8173 275.3221 14.34217871220535
IRIDIUM 138             
1 43071U 17083B   22068.87377927  .00000068  00000+0  17254-4 0  9998
2 43071  86.3920 253.8589 0002255  92.9796 267.1658 14.34217800220493
IRIDIUM 116             
1 43072U 17083C   22068.91183188  .00000068  00000+0  17286-4 0  9993
2 43072  86.3930 254.0265 0001859  97.4160 262.7247 14.34218145220536
IRIDIUM 130             
1 43073U 17083D   22068.88012256  .00000067  00000+0  16734-4 0  9993
2 43073  86.3938 254.1623 0002218  95.5253 264.6196 14.34217334220472
IRIDIUM 151             
1 43074U 17083E   22068.92451325  .00000063  00000+0  15273-4 0  9996
2 43074  86.3932 254.0431 0001944  98.5906 261.5510 14.34218917220504
IRIDIUM 134             
1 43075U 17083F   22068.89278263  .00000070  00000+0  17930-4 0  9991
2 43075  86.3933 254.0426 0002171  83.9542 276.1901 14.34218653220465
IRIDIUM 137             
1 43076U 17083G   22068.55663055  .00000057  00000+0  13324-4 0  9990
2 43076  86.3934 254.2469 0001881  99.1957 260.9451 14.34218877220483
IRIDIUM 141             
1 43077U 17083H   22068.89914732  .00000067  00000+0  17027-4 0  9994
2 43077  86.3930 254.0205 0002175  96.3472 263.7972 14.34218113220532
IRIDIUM 153             
1 43078U 17083J   22069.13039271  .00000198  00000+0  63690-4 0  9991
2 43078  86.3991 222.3616 0002599 100.9355 259.2133 14.34220283221672
IRIDIUM 131             
1 43079U 17083K   22068.88646580  .00000069  00000+0  17709-4 0  9997
2 43079  86.3936 254.1076 0002280  92.8093 267.3364 14.34217508220468
IRIDIUM 144             
1 43249U 18030A   22068.92744409  .00000182  00000+0  57955-4 0  9996
2 43249  86.3987 222.4189 0002067  84.0083 276.1348 14.34218856206507
IRIDIUM 149             
1 43250U 18030B   22068.79423291  .00000189  00000+0  60259-4 0  9994
2 43250  86.3987 222.4585 0001904  84.1354 276.0058 14.34219873206507
IRIDIUM 157             
1 43251U 18030C   22068.88304313  .00000187  00000+0  59782-4 0  9995
2 43251  86.3988 222.4400 0002104 103.2194 256.9237 14.34219932206493
IRIDIUM 140             
1 43252U 18030D   22068.90206816  .00000184  00000+0  58513-4 0  9996
2 43252  86.3989 222.4468 0002117  74.6032 285.5398 14.34219852206559
IRIDIUM 145             
1 43253U 18030E   22068.88938467  .00000188  00000+0  60195-4 0  9991
2 43253  86.3988 222.4293 0001299  67.8764 292.2569 14.34219615206485
IRIDIUM 146             
1 43254U 18030F   22068.94012834  .00000186  00000+0  59229-4 0  9994
2 43254  86.3988 222.4243 0001693  89.7012 270.4378 14.34219203206500
IRIDIUM 148             
1 43255U 18030G   22068.90841470  .00000189  00000+0  60480-4 0  9991
2 43255  86.3989 222.4581 0001831 101.0176 259.1225 14.34219858206534
IRIDIUM 142             
1 43256U 18030H   22068.87669873  .00000180  00000+0  57255-4 0  9990
2 43256  86.3985 222.4176 0001936  93.6351 266.5066 14.34219918206495
IRIDIUM 150             
1 43257U 18030J   22068.70544711  .00000198  00000+0  63788-4 0  9993
2 43257  86.3986 222.5555 0002191  90.1849 269.9598 14.34216360206492
IRIDIUM 143             
1 43258U 18030K   22068.89572969  .00000181  00000+0  57681-4 0  9997
2 43258  86.3993 222.5043 0001688  84.7164 275.4224 14.34218852206454
IRIDIUM 161             
1 43478U 18047C   22068.94789533  .00000232  00000+0  63085-4 0  9994
2 43478  86.4534  20.5011 0002565  83.5147 276.6346 14.43273412200099
IRIDIUM 152             
1 43479U 18047D   22068.93821121  .00000284  00000+0  94189-4 0  9990
2 43479  86.4007  20.3709 0001915  86.3193 273.8221 14.34214054198855
IRIDIUM 147             
1 43480U 18047E   22068.94456041  .00000188  00000+0  59950-4 0  9998
2 43480  86.4009  20.3466 0002198  91.6207 268.5240 14.34220510198854
IRIDIUM 110             
1 43481U 18047F   22068.88113439  .00000188  00000+0  59902-4 0  9990
2 43481  86.4011  20.4237 0002301  79.6145 280.5310 14.34220814198835
IRIDIUM 162             
1 43482U 18047G   22068.94151678  .00000238  00000+0  64912-4 0  9998
2 43482  86.4533  20.4156 0002161  82.1728 277.9719 14.43273214200081
IRIDIUM 160             
1 43569U 18061A   22068.82696683  .00000199  00000+0  63832-4 0  9993
2 43569  86.4023 348.8474 0001955  91.3379 268.8041 14.34221474189720
IRIDIUM 166             
1 43570U 18061B   22069.06165987  .00000185  00000+0  59137-4 0  9998
2 43570  86.4021 348.7215 0002080  78.5121 281.6308 14.34221525189786
IRIDIUM 158             
1 43571U 18061C   22068.82062524  .00000198  00000+0  63532-4 0  9993
2 43571  86.4022 348.8303 0001846  82.9742 277.1664 14.34220658189718
IRIDIUM 165             
1 43572U 18061D   22068.84599567  .00000189  00000+0  60259-4 0  9991
2 43572  86.4023 348.8370 0001847  81.0101 279.1304 14.34219865189748
IRIDIUM 155             
1 43573U 18061E   22068.87770170  .00000187  00000+0  59548-4 0  9993
2 43573  86.4020 348.7683 0002476  80.0532 280.0943 14.34221548189716
IRIDIUM 154             
1 43574U 18061F   22068.85868594  .00000185  00000+0  58885-4 0  9991
2 43574  86.4023 348.8350 0001975  92.1910 267.9512 14.34220489189763
IRIDIUM 163             
1 43575U 18061G   22068.83965098  .00000183  00000+0  58170-4 0  9992
2 43575  86.4021 348.8061 0001746  78.2904 281.8488 14.34220023189733
IRIDIUM 156             
1 43576U 18061H   22068.81429048  .00000196  00000+0  63090-4 0  9992
2 43576  86.4021 348.8220 0002099  75.0090 285.1338 14.34220409189722
IRIDIUM 164             
1 43577U 18061J   22068.86502885  .00000185  00000+0  58971-4 0  9999
2 43577  86.4022 348.8173 0001873  88.6139 271.5272 14.34218853189775
IRIDIUM 159             
1 43578U 18061K   22069.18216695  .00000196  00000+0  63070-4 0  9995
2 43578  86.4020 348.6546 0001975  89.4705 270.6718 14.34215810189783
IRIDIUM 180             
1 43922U 19002A   22069.11188753  .00000145  00000+0  44883-4 0  9995
2 43922  86.3926 285.5393 0001520 106.4253 253.7110 14.34219020165423
IRIDIUM 176             
1 43923U 19002B   22068.89221978  .00000462  00000+0  69290-4 0  9998
2 43923  86.6062 285.6663 0002470  89.3941 270.7559 14.72261363169684
IRIDIUM 168             
1 43924U 19002C   22068.89622063  .00000150  00000+0  46614-4 0  9998
2 43924  86.3929 285.6629 0001937  95.6103 264.5313 14.34219373165332
IRIDIUM 173             
1 43925U 19002D   22068.88354075  .00000148  00000+0  45671-4 0  9992
2 43925  86.3926 285.6206 0001904  92.8111 267.3302 14.34220832165312
IRIDIUM 169             
1 43926U 19002E   22068.76843466  .00000218  00000+0  64696-4 0  9993
2 43926  86.4234 317.2874 0006833  81.9620 278.2354 14.38619683165889
IRIDIUM 172             
1 43927U 19002F   22068.87720494  .00000149  00000+0  46202-4 0  9997
2 43927  86.3927 285.6265 0001847  95.1837 264.9570 14.34220211165329
IRIDIUM 175             
1 43928U 19002G   22068.88601419  .00000474  00000+0  71276-4 0  9994
2 43928  86.6064 285.4961 0001970  92.7653 267.3789 14.72259852169678
IRIDIUM 171             
1 43929U 19002H   22068.85816827  .00000148  00000+0  45653-4 0  9991
2 43929  86.3936 285.7676 0001957  95.5143 264.6276 14.34221604165310
IRIDIUM 170             
1 43930U 19002J   22069.10232026  .00000457  00000+0  68609-4 0  9994
2 43930  86.6061 285.5840 0002374  92.4832 267.6657 14.72261384169726
IRIDIUM 167             
1 43931U 19002K   22068.85179837  .00000159  00000+0  49708-4 0  9994
2 43931  86.3927 285.6455 0001761 100.6806 259.4588 14.34216151165313
