GSAT0101 (GALILEO-PFM)  
1 37846U 11060A   24263.57681947 -.00000095  00000+0  00000+0 0  9993
2 37846  57.1260 358.9843 0000482  68.5355 291.5007  1.70475637 80414
GSAT0102 (GALILEO-FM2)  
1 37847U 11060B   24266.50793953 -.00000106  00000+0  00000+0 0  9994
2 37847  57.1263 358.9050 0002297 299.5456 104.8830  1.70475132 80344
GSAT0103 (GALILEO-FM3)  
1 38857U 12055A   24267.72239800  .00000009  00000+0  00000+0 0  9993
2 38857  55.4485 118.8958 0002166 274.4770  85.5808  1.70473678 74244
GSAT0201 (GALILEO 5)    
1 40128U 14050A   24269.87877828 -.00000039  00000+0  00000+0 0  9994
2 40128  49.5557 299.0106 1613692 155.1961 213.5277  1.85519531 66642
GSAT0202 (GALILEO 6)    
1 40129U 14050B   24270.13670020 -.00000037  00000+0  00000+0 0  9999
2 40129  49.5720 298.0784 1612820 156.0010 212.4594  1.85520213 68789
GSAT0203 (GALILEO 7)    
1 40544U 15017A   24263.35584236 -.00000095  00000+0  00000+0 0  9997
2 40544  56.9208 358.9115 0004288 240.2936 119.6947  1.70476103 58367
GSAT0204 (GALILEO 8)    
1 40545U 15017B   24265.95663241 -.00000104  00000+0  00000+0 0  9991
2 40545  56.9268 358.8566 0004913 230.7429 129.2462  1.70475493 21459
GSAT0205 (GALILEO 9)    
1 40889U 15045A   24269.83080984  .00000008  00000+0  00000+0 0  9993
2 40889  55.1770 238.9885 0003713  12.2733 347.7079  1.70473107 56289
GSAT0206 (GALILEO 10)   
1 40890U 15045B   24268.87828925  .00000015  00000+0  00000+0 0  9991
2 40890  55.1768 239.0102 0002164 343.5494  16.4165  1.70473109 56294
GSAT0209 (GALILEO 12)   
1 41174U 15079A   24269.04823885  .00000011  00000+0  00000+0 0  9990
2 41174  55.4682 118.5696 0002653 352.9476   7.1307  1.70474090 54039
GSAT0208 (GALILEO 11)   
1 41175U 15079B   24269.26806701  .00000012  00000+0  00000+0 0  9994
2 41175  55.4669 118.5612 0002175   2.8741 357.2095  1.70473919 54614
GSAT0211 (GALILEO 14)   
1 41549U 16030A   24268.80399553  .00000016  00000+0  00000+0 0  9992
2 41549  55.3250 239.0342 0003488 321.8786  38.0697  1.70473156 51920
GSAT0210 (GALILEO 13)   
1 41550U 16030B   24268.47554625  .00000018  00000+0  00000+0 0  9992
2 41550  55.3264 239.0415 0003670 245.5378 114.3967  1.70473537 51910
GSAT0207 (GALILEO 15)   
1 41859U 16069A   24269.92838953  .00000015  00000+0  00000+0 0  9993
2 41859  55.1345 118.5223 0002223 326.3962  33.6736  1.70474048 48896
GSAT0212 (GALILEO 16)   
1 41860U 16069B   24269.78257521  .00000014  00000+0  00000+0 0  9994
2 41860  55.1318 118.5224 0002373  26.2534 333.8421  1.70474223 48921
GSAT0213 (GALILEO 17)   
1 41861U 16069C   24268.97781588  .00000010  00000+0  00000+0 0  9996
2 41861  55.1337 118.5517 0001975 286.0938  73.9662  1.70474577 48773
GSAT0214 (GALILEO 18)   
1 41862U 16069D   24266.77681992  .00000011  00000+0  00000+0 0  9992
2 41862  55.1310 118.6062 0001157 299.8044  60.2697  1.70474124 48868
GSAT0215 (GALILEO 19)   
1 43055U 17079A   24269.61236873  .00000010  00000+0  00000+0 0  9999
2 43055  55.3020 238.8324 0003115 273.3987  86.5381  1.70473875 42259
GSAT0216 (GALILEO 20)   
1 43056U 17079B   24269.31740798  .00000012  00000+0  00000+0 0  9995
2 43056  55.3024 238.8403 0004584 279.3837  80.5372  1.70474020 42238
GSAT0217 (GALILEO 21)   
1 43057U 17079C   24269.53791536  .00000011  00000+0  00000+0 0  9995
2 43057  55.3004 238.8330 0003922 293.1473  66.7839  1.70473987 42258
GSAT0218 (GALILEO 22)   
1 43058U 17079D   24269.75797556  .00000009  00000+0  00000+0 0  9995
2 43058  55.3010 238.8244 0005023 276.3280  83.5870  1.70473945 42259
GSAT0221 (GALILEO 25)   
1 43564U 18060A   24263.20678009 -.00000094  00000+0  00000+0 0  9998
2 43564  57.3011 358.9397 0004321 260.8719  99.1100  1.70476022 38323
GSAT0222 (GALILEO 26)   
1 43565U 18060B   24266.94494883 -.00000107  00000+0  00000+0 0  9994
2 43565  57.3044 358.8409 0004034 223.2823 136.7182  1.70475921 38430
GSAT0219 (GALILEO 23)   
1 43566U 18060C   24264.23376197 -.00000097  00000+0  00000+0 0  9990
2 43566  57.3036 358.9159 0003040 261.0839  98.9138  1.70475981 38366
GSAT0220 (GALILEO 24)   
1 43567U 18060D   24263.28128190 -.00000094  00000+0  00000+0 0  9990
2 43567  57.3037 358.9417 0003422 258.5290 101.4634  1.70475624 38333
GSAT0223 (GALILEO 27)   
1 49809U 21116A   24270.30441022 -.00000114  00000+0  00000+0 0  9997
2 49809  57.2932 358.6455 0003756 206.4929 234.2449  1.70476299 17459
GSAT0224 (GALILEO 28)   
1 49810U 21116B   24264.22831875 -.00000097  00000+0  00000+0 0  9992
2 49810  57.2948 358.8083 0003062 198.3612 225.8607  1.70475927 17386
GSAT0225 (GALILEO 29)   
1 59598U 24079A   24268.53868799  .00000008  00000+0  00000+0 0  9991
2 59598  54.7495 118.7275 0001998 161.0327  19.3747  1.70474277  2563
GSAT0227 (GALILEO 30)   
1 59600U 24079C   24269.60134615  .00000012  00000+0  00000+0 0  9992
2 59600  54.7451 118.6988 0003463 108.6245 251.4961  1.70474310  2637
